0,413
0,412
0,411
0,410
0,409
0,408
0,407
0,406
0,405
0,404
0,403
0,402
0,401
0,400
0,399
0,398
0,397
0,396
0,395
0,394
0,393
0,392
34,5
34,4
34,3
34,2
0,391
0,390
34,1
34,0
0,278
0,389
0,388
0,387
0,386
0,385
0,273
0,270
33,4
33,3
33,2
33,1
33,0
32,3
32,2
32,1
32,0
31,3
31,2
31,1
31,0
30,3
30,2
30,1
30,0
29,4
29,3
29,2
29,1
29,0
0,384
0,319
0,318
28,4
28,3
28,2
28,1
28,0
0,317
0,316
27,4
27,3
27,2
0,283
0,243
27,1
27,0
26,3
26,2
26,1
26,0
3,2
3,1
3,3
10,166
10,100
10,270
10,308
10,86
10,184
12,2
12,1
12,3
20,2
20,1
20,3
19,2
19,1
19,3
11,30
11,29
11,28
11,27
11,26
11,25
11,24
11,23
11,22
11,21
11,20
11,19
11,18
11,17
11,16
11,15
11,14
